Image_Name,xmin,ymin,xmax,ymax
1.png,8277252.331787875,3693961.9585769293,8277552.331787875,3694261.9585769293
2.png,8277252.331787875,3694261.9585769293,8277552.331787875,3694561.9585769293
3.png,8277252.331787875,3694561.9585769293,8277552.331787875,3694861.9585769293
4.png,8277552.331787875,3693061.9585769293,8277852.331787875,3693361.9585769293
5.png,8277552.331787875,3693361.9585769293,8277852.331787875,3693661.9585769293
6.png,8277552.331787875,3693661.9585769293,8277852.331787875,3693961.9585769293
7.png,8277552.331787875,3693961.9585769293,8277852.331787875,3694261.9585769293
8.png,8277852.331787875,3693061.9585769293,8278152.331787875,3693361.9585769293
9.png,8277852.331787875,3693361.9585769293,8278152.331787875,3693661.9585769293
10.png,8277852.331787875,3693661.9585769293,8278152.331787875,3693961.9585769293
11.png,8277852.331787875,3693961.9585769293,8278152.331787875,3694261.9585769293
12.png,8278152.331787875,3692161.9585769293,8278452.331787875,3692461.9585769293
13.png,8278152.331787875,3692461.9585769293,8278452.331787875,3692761.9585769293
14.png,8278152.331787875,3692761.9585769293,8278452.331787875,3693061.9585769293
15.png,8278152.331787875,3693061.9585769293,8278452.331787875,3693361.9585769293
16.png,8278152.331787875,3693361.9585769293,8278452.331787875,3693661.9585769293
17.png,8278152.331787875,3693661.9585769293,8278452.331787875,3693961.9585769293
18.png,8278152.331787875,3693961.9585769293,8278452.331787875,3694261.9585769293
19.png,8278452.331787875,3691861.9585769293,8278752.331787875,3692161.9585769293
20.png,8278452.331787875,3692161.9585769293,8278752.331787875,3692461.9585769293
21.png,8278452.331787875,3692461.9585769293,8278752.331787875,3692761.9585769293
22.png,8278452.331787875,3692761.9585769293,8278752.331787875,3693061.9585769293
23.png,8278452.331787875,3693061.9585769293,8278752.331787875,3693361.9585769293
24.png,8278452.331787875,3693361.9585769293,8278752.331787875,3693661.9585769293
25.png,8278452.331787875,3693661.9585769293,8278752.331787875,3693961.9585769293
26.png,8278452.331787875,3693961.9585769293,8278752.331787875,3694261.9585769293
27.png,8278452.331787875,3694261.9585769293,8278752.331787875,3694561.9585769293
28.png,8278452.331787875,3694561.9585769293,8278752.331787875,3694861.9585769293
29.png,8278452.331787875,3694861.9585769293,8278752.331787875,3695161.9585769293
30.png,8278752.331787875,3692161.9585769293,8279052.331787875,3692461.9585769293
31.png,8278752.331787875,3692461.9585769293,8279052.331787875,3692761.9585769293
32.png,8278752.331787875,3692761.9585769293,8279052.331787875,3693061.9585769293
33.png,8278752.331787875,3693061.9585769293,8279052.331787875,3693361.9585769293
34.png,8278752.331787875,3693361.9585769293,8279052.331787875,3693661.9585769293
35.png,8278752.331787875,3693661.9585769293,8279052.331787875,3693961.9585769293
36.png,8278752.331787875,3693961.9585769293,8279052.331787875,3694261.9585769293
37.png,8278752.331787875,3694261.9585769293,8279052.331787875,3694561.9585769293
38.png,8278752.331787875,3694561.9585769293,8279052.331787875,3694861.9585769293
39.png,8278752.331787875,3694861.9585769293,8279052.331787875,3695161.9585769293
40.png,8278752.331787875,3695161.9585769293,8279052.331787875,3695461.9585769293
41.png,8279052.331787875,3692461.9585769293,8279352.331787875,3692761.9585769293
42.png,8279052.331787875,3692761.9585769293,8279352.331787875,3693061.9585769293
43.png,8279052.331787875,3693061.9585769293,8279352.331787875,3693361.9585769293
44.png,8279052.331787875,3693361.9585769293,8279352.331787875,3693661.9585769293
45.png,8279052.331787875,3693661.9585769293,8279352.331787875,3693961.9585769293
46.png,8279052.331787875,3693961.9585769293,8279352.331787875,3694261.9585769293
47.png,8279052.331787875,3694261.9585769293,8279352.331787875,3694561.9585769293
48.png,8279052.331787875,3694561.9585769293,8279352.331787875,3694861.9585769293
49.png,8279052.331787875,3694861.9585769293,8279352.331787875,3695161.9585769293
50.png,8279052.331787875,3695161.9585769293,8279352.331787875,3695461.9585769293
51.png,8279352.331787875,3692761.9585769293,8279652.331787875,3693061.9585769293
52.png,8279352.331787875,3693061.9585769293,8279652.331787875,3693361.9585769293
53.png,8279352.331787875,3693361.9585769293,8279652.331787875,3693661.9585769293
54.png,8279352.331787875,3693661.9585769293,8279652.331787875,3693961.9585769293
55.png,8279352.331787875,3693961.9585769293,8279652.331787875,3694261.9585769293
56.png,8279352.331787875,3694261.9585769293,8279652.331787875,3694561.9585769293
57.png,8279352.331787875,3694561.9585769293,8279652.331787875,3694861.9585769293
58.png,8279352.331787875,3694861.9585769293,8279652.331787875,3695161.9585769293
59.png,8279352.331787875,3695161.9585769293,8279652.331787875,3695461.9585769293
60.png,8279652.331787875,3692761.9585769293,8279952.331787875,3693061.9585769293
61.png,8279652.331787875,3693061.9585769293,8279952.331787875,3693361.9585769293
62.png,8279652.331787875,3693361.9585769293,8279952.331787875,3693661.9585769293
63.png,8279652.331787875,3693661.9585769293,8279952.331787875,3693961.9585769293
64.png,8279652.331787875,3693961.9585769293,8279952.331787875,3694261.9585769293
65.png,8279652.331787875,3694261.9585769293,8279952.331787875,3694561.9585769293
66.png,8279652.331787875,3694561.9585769293,8279952.331787875,3694861.9585769293
67.png,8279652.331787875,3694861.9585769293,8279952.331787875,3695161.9585769293
68.png,8279652.331787875,3695161.9585769293,8279952.331787875,3695461.9585769293
69.png,8279652.331787875,3695461.9585769293,8279952.331787875,3695761.9585769293
70.png,8279652.331787875,3695761.9585769293,8279952.331787875,3696061.9585769293
71.png,8279952.331787875,3692461.9585769293,8280252.331787875,3692761.9585769293
72.png,8279952.331787875,3692761.9585769293,8280252.331787875,3693061.9585769293
73.png,8279952.331787875,3693061.9585769293,8280252.331787875,3693361.9585769293
74.png,8279952.331787875,3693361.9585769293,8280252.331787875,3693661.9585769293
75.png,8279952.331787875,3693661.9585769293,8280252.331787875,3693961.9585769293
76.png,8279952.331787875,3693961.9585769293,8280252.331787875,3694261.9585769293
77.png,8279952.331787875,3694261.9585769293,8280252.331787875,3694561.9585769293
78.png,8279952.331787875,3694561.9585769293,8280252.331787875,3694861.9585769293
79.png,8279952.331787875,3694861.9585769293,8280252.331787875,3695161.9585769293
80.png,8279952.331787875,3695161.9585769293,8280252.331787875,3695461.9585769293
81.png,8279952.331787875,3695461.9585769293,8280252.331787875,3695761.9585769293
82.png,8279952.331787875,3695761.9585769293,8280252.331787875,3696061.9585769293
83.png,8279952.331787875,3696061.9585769293,8280252.331787875,3696361.9585769293
84.png,8279952.331787875,3696361.9585769293,8280252.331787875,3696661.9585769293
85.png,8280252.331787875,3691561.9585769293,8280552.331787875,3691861.9585769293
86.png,8280252.331787875,3691861.9585769293,8280552.331787875,3692161.9585769293
87.png,8280252.331787875,3692161.9585769293,8280552.331787875,3692461.9585769293
88.png,8280252.331787875,3692461.9585769293,8280552.331787875,3692761.9585769293
89.png,8280252.331787875,3692761.9585769293,8280552.331787875,3693061.9585769293
90.png,8280252.331787875,3693061.9585769293,8280552.331787875,3693361.9585769293
91.png,8280252.331787875,3693361.9585769293,8280552.331787875,3693661.9585769293
92.png,8280252.331787875,3693661.9585769293,8280552.331787875,3693961.9585769293
93.png,8280252.331787875,3693961.9585769293,8280552.331787875,3694261.9585769293
94.png,8280252.331787875,3694261.9585769293,8280552.331787875,3694561.9585769293
95.png,8280252.331787875,3694561.9585769293,8280552.331787875,3694861.9585769293
96.png,8280252.331787875,3694861.9585769293,8280552.331787875,3695161.9585769293
97.png,8280252.331787875,3695161.9585769293,8280552.331787875,3695461.9585769293
98.png,8280252.331787875,3695461.9585769293,8280552.331787875,3695761.9585769293
99.png,8280252.331787875,3695761.9585769293,8280552.331787875,3696061.9585769293
100.png,8280252.331787875,3696061.9585769293,8280552.331787875,3696361.9585769293
101.png,8280252.331787875,3696361.9585769293,8280552.331787875,3696661.9585769293
102.png,8280552.331787875,3691561.9585769293,8280852.331787875,3691861.9585769293
103.png,8280552.331787875,3691861.9585769293,8280852.331787875,3692161.9585769293
104.png,8280552.331787875,3692161.9585769293,8280852.331787875,3692461.9585769293
105.png,8280552.331787875,3692461.9585769293,8280852.331787875,3692761.9585769293
106.png,8280552.331787875,3692761.9585769293,8280852.331787875,3693061.9585769293
107.png,8280552.331787875,3693061.9585769293,8280852.331787875,3693361.9585769293
108.png,8280552.331787875,3693361.9585769293,8280852.331787875,3693661.9585769293
109.png,8280552.331787875,3693661.9585769293,8280852.331787875,3693961.9585769293
110.png,8280552.331787875,3693961.9585769293,8280852.331787875,3694261.9585769293
111.png,8280552.331787875,3694261.9585769293,8280852.331787875,3694561.9585769293
112.png,8280552.331787875,3694561.9585769293,8280852.331787875,3694861.9585769293
113.png,8280552.331787875,3694861.9585769293,8280852.331787875,3695161.9585769293
114.png,8280552.331787875,3695161.9585769293,8280852.331787875,3695461.9585769293
115.png,8280552.331787875,3695461.9585769293,8280852.331787875,3695761.9585769293
116.png,8280552.331787875,3695761.9585769293,8280852.331787875,3696061.9585769293
117.png,8280552.331787875,3696061.9585769293,8280852.331787875,3696361.9585769293
118.png,8280552.331787875,3696361.9585769293,8280852.331787875,3696661.9585769293
119.png,8280852.331787875,3691561.9585769293,8281152.331787875,3691861.9585769293
120.png,8280852.331787875,3691861.9585769293,8281152.331787875,3692161.9585769293
121.png,8280852.331787875,3692161.9585769293,8281152.331787875,3692461.9585769293
122.png,8280852.331787875,3692461.9585769293,8281152.331787875,3692761.9585769293
123.png,8280852.331787875,3692761.9585769293,8281152.331787875,3693061.9585769293
124.png,8280852.331787875,3693061.9585769293,8281152.331787875,3693361.9585769293
125.png,8280852.331787875,3693361.9585769293,8281152.331787875,3693661.9585769293
126.png,8280852.331787875,3693661.9585769293,8281152.331787875,3693961.9585769293
127.png,8280852.331787875,3693961.9585769293,8281152.331787875,3694261.9585769293
128.png,8280852.331787875,3694261.9585769293,8281152.331787875,3694561.9585769293
129.png,8280852.331787875,3694561.9585769293,8281152.331787875,3694861.9585769293
130.png,8280852.331787875,3694861.9585769293,8281152.331787875,3695161.9585769293
131.png,8280852.331787875,3695161.9585769293,8281152.331787875,3695461.9585769293
132.png,8280852.331787875,3695461.9585769293,8281152.331787875,3695761.9585769293
133.png,8280852.331787875,3695761.9585769293,8281152.331787875,3696061.9585769293
134.png,8280852.331787875,3696061.9585769293,8281152.331787875,3696361.9585769293
135.png,8280852.331787875,3696361.9585769293,8281152.331787875,3696661.9585769293
136.png,8281152.331787875,3691561.9585769293,8281452.331787875,3691861.9585769293
137.png,8281152.331787875,3691861.9585769293,8281452.331787875,3692161.9585769293
138.png,8281152.331787875,3692161.9585769293,8281452.331787875,3692461.9585769293
139.png,8281152.331787875,3692461.9585769293,8281452.331787875,3692761.9585769293
140.png,8281152.331787875,3692761.9585769293,8281452.331787875,3693061.9585769293
141.png,8281152.331787875,3693061.9585769293,8281452.331787875,3693361.9585769293
142.png,8281152.331787875,3693361.9585769293,8281452.331787875,3693661.9585769293
143.png,8281152.331787875,3693661.9585769293,8281452.331787875,3693961.9585769293
144.png,8281152.331787875,3693961.9585769293,8281452.331787875,3694261.9585769293
145.png,8281152.331787875,3694261.9585769293,8281452.331787875,3694561.9585769293
146.png,8281152.331787875,3694561.9585769293,8281452.331787875,3694861.9585769293
147.png,8281152.331787875,3694861.9585769293,8281452.331787875,3695161.9585769293
148.png,8281152.331787875,3695161.9585769293,8281452.331787875,3695461.9585769293
149.png,8281152.331787875,3695461.9585769293,8281452.331787875,3695761.9585769293
150.png,8281152.331787875,3695761.9585769293,8281452.331787875,3696061.9585769293
151.png,8281152.331787875,3696061.9585769293,8281452.331787875,3696361.9585769293
152.png,8281152.331787875,3696361.9585769293,8281452.331787875,3696661.9585769293
153.png,8281452.331787875,3692161.9585769293,8281752.331787875,3692461.9585769293
154.png,8281452.331787875,3692461.9585769293,8281752.331787875,3692761.9585769293
155.png,8281452.331787875,3692761.9585769293,8281752.331787875,3693061.9585769293
156.png,8281452.331787875,3693061.9585769293,8281752.331787875,3693361.9585769293
157.png,8281452.331787875,3693361.9585769293,8281752.331787875,3693661.9585769293
158.png,8281452.331787875,3693661.9585769293,8281752.331787875,3693961.9585769293
159.png,8281452.331787875,3693961.9585769293,8281752.331787875,3694261.9585769293
160.png,8281452.331787875,3694261.9585769293,8281752.331787875,3694561.9585769293
161.png,8281452.331787875,3694561.9585769293,8281752.331787875,3694861.9585769293
162.png,8281452.331787875,3694861.9585769293,8281752.331787875,3695161.9585769293
163.png,8281452.331787875,3695161.9585769293,8281752.331787875,3695461.9585769293
164.png,8281452.331787875,3695461.9585769293,8281752.331787875,3695761.9585769293
165.png,8281452.331787875,3695761.9585769293,8281752.331787875,3696061.9585769293
166.png,8281452.331787875,3696061.9585769293,8281752.331787875,3696361.9585769293
167.png,8281452.331787875,3696361.9585769293,8281752.331787875,3696661.9585769293
168.png,8281752.331787875,3692161.9585769293,8282052.331787875,3692461.9585769293
169.png,8281752.331787875,3692461.9585769293,8282052.331787875,3692761.9585769293
170.png,8281752.331787875,3692761.9585769293,8282052.331787875,3693061.9585769293
171.png,8281752.331787875,3693061.9585769293,8282052.331787875,3693361.9585769293
172.png,8281752.331787875,3693361.9585769293,8282052.331787875,3693661.9585769293
173.png,8281752.331787875,3693661.9585769293,8282052.331787875,3693961.9585769293
174.png,8281752.331787875,3693961.9585769293,8282052.331787875,3694261.9585769293
175.png,8281752.331787875,3694261.9585769293,8282052.331787875,3694561.9585769293
176.png,8281752.331787875,3694561.9585769293,8282052.331787875,3694861.9585769293
177.png,8281752.331787875,3694861.9585769293,8282052.331787875,3695161.9585769293
178.png,8281752.331787875,3695161.9585769293,8282052.331787875,3695461.9585769293
179.png,8281752.331787875,3695461.9585769293,8282052.331787875,3695761.9585769293
180.png,8281752.331787875,3695761.9585769293,8282052.331787875,3696061.9585769293
181.png,8281752.331787875,3696061.9585769293,8282052.331787875,3696361.9585769293
182.png,8281752.331787875,3696361.9585769293,8282052.331787875,3696661.9585769293
183.png,8282052.331787875,3692161.9585769293,8282352.331787875,3692461.9585769293
184.png,8282052.331787875,3692461.9585769293,8282352.331787875,3692761.9585769293
185.png,8282052.331787875,3692761.9585769293,8282352.331787875,3693061.9585769293
186.png,8282052.331787875,3693061.9585769293,8282352.331787875,3693361.9585769293
187.png,8282052.331787875,3693361.9585769293,8282352.331787875,3693661.9585769293
188.png,8282052.331787875,3693661.9585769293,8282352.331787875,3693961.9585769293
189.png,8282052.331787875,3693961.9585769293,8282352.331787875,3694261.9585769293
190.png,8282052.331787875,3694261.9585769293,8282352.331787875,3694561.9585769293
191.png,8282052.331787875,3694561.9585769293,8282352.331787875,3694861.9585769293
192.png,8282052.331787875,3694861.9585769293,8282352.331787875,3695161.9585769293
193.png,8282052.331787875,3695161.9585769293,8282352.331787875,3695461.9585769293
194.png,8282052.331787875,3695461.9585769293,8282352.331787875,3695761.9585769293
195.png,8282052.331787875,3695761.9585769293,8282352.331787875,3696061.9585769293
196.png,8282052.331787875,3696061.9585769293,8282352.331787875,3696361.9585769293
197.png,8282052.331787875,3696361.9585769293,8282352.331787875,3696661.9585769293
198.png,8282352.331787875,3691861.9585769293,8282652.331787875,3692161.9585769293
199.png,8282352.331787875,3692161.9585769293,8282652.331787875,3692461.9585769293
200.png,8282352.331787875,3692461.9585769293,8282652.331787875,3692761.9585769293
201.png,8282352.331787875,3692761.9585769293,8282652.331787875,3693061.9585769293
202.png,8282352.331787875,3693061.9585769293,8282652.331787875,3693361.9585769293
203.png,8282352.331787875,3693361.9585769293,8282652.331787875,3693661.9585769293
204.png,8282352.331787875,3693661.9585769293,8282652.331787875,3693961.9585769293
205.png,8282352.331787875,3693961.9585769293,8282652.331787875,3694261.9585769293
206.png,8282352.331787875,3694261.9585769293,8282652.331787875,3694561.9585769293
207.png,8282352.331787875,3694561.9585769293,8282652.331787875,3694861.9585769293
208.png,8282352.331787875,3694861.9585769293,8282652.331787875,3695161.9585769293
209.png,8282352.331787875,3695161.9585769293,8282652.331787875,3695461.9585769293
210.png,8282352.331787875,3695461.9585769293,8282652.331787875,3695761.9585769293
211.png,8282352.331787875,3695761.9585769293,8282652.331787875,3696061.9585769293
212.png,8282352.331787875,3696061.9585769293,8282652.331787875,3696361.9585769293
213.png,8282352.331787875,3696361.9585769293,8282652.331787875,3696661.9585769293
214.png,8282652.331787875,3691861.9585769293,8282952.331787875,3692161.9585769293
215.png,8282652.331787875,3692161.9585769293,8282952.331787875,3692461.9585769293
216.png,8282652.331787875,3692461.9585769293,8282952.331787875,3692761.9585769293
217.png,8282652.331787875,3692761.9585769293,8282952.331787875,3693061.9585769293
218.png,8282652.331787875,3693061.9585769293,8282952.331787875,3693361.9585769293
219.png,8282652.331787875,3693361.9585769293,8282952.331787875,3693661.9585769293
220.png,8282652.331787875,3693661.9585769293,8282952.331787875,3693961.9585769293
221.png,8282652.331787875,3693961.9585769293,8282952.331787875,3694261.9585769293
222.png,8282652.331787875,3694261.9585769293,8282952.331787875,3694561.9585769293
223.png,8282652.331787875,3694561.9585769293,8282952.331787875,3694861.9585769293
224.png,8282652.331787875,3694861.9585769293,8282952.331787875,3695161.9585769293
225.png,8282652.331787875,3695161.9585769293,8282952.331787875,3695461.9585769293
226.png,8282652.331787875,3695461.9585769293,8282952.331787875,3695761.9585769293
227.png,8282652.331787875,3695761.9585769293,8282952.331787875,3696061.9585769293
228.png,8282652.331787875,3696061.9585769293,8282952.331787875,3696361.9585769293
229.png,8282652.331787875,3696361.9585769293,8282952.331787875,3696661.9585769293
230.png,8282952.331787875,3692161.9585769293,8283252.331787875,3692461.9585769293
231.png,8282952.331787875,3692461.9585769293,8283252.331787875,3692761.9585769293
232.png,8282952.331787875,3692761.9585769293,8283252.331787875,3693061.9585769293
233.png,8282952.331787875,3693061.9585769293,8283252.331787875,3693361.9585769293
234.png,8282952.331787875,3693361.9585769293,8283252.331787875,3693661.9585769293
235.png,8282952.331787875,3693661.9585769293,8283252.331787875,3693961.9585769293
236.png,8282952.331787875,3693961.9585769293,8283252.331787875,3694261.9585769293
237.png,8282952.331787875,3694261.9585769293,8283252.331787875,3694561.9585769293
238.png,8282952.331787875,3694561.9585769293,8283252.331787875,3694861.9585769293
239.png,8282952.331787875,3694861.9585769293,8283252.331787875,3695161.9585769293
240.png,8282952.331787875,3695161.9585769293,8283252.331787875,3695461.9585769293
241.png,8282952.331787875,3695461.9585769293,8283252.331787875,3695761.9585769293
242.png,8282952.331787875,3695761.9585769293,8283252.331787875,3696061.9585769293
243.png,8282952.331787875,3696061.9585769293,8283252.331787875,3696361.9585769293
244.png,8283252.331787875,3692161.9585769293,8283552.331787875,3692461.9585769293
245.png,8283252.331787875,3692461.9585769293,8283552.331787875,3692761.9585769293
246.png,8283252.331787875,3692761.9585769293,8283552.331787875,3693061.9585769293
247.png,8283252.331787875,3693061.9585769293,8283552.331787875,3693361.9585769293
248.png,8283252.331787875,3693361.9585769293,8283552.331787875,3693661.9585769293
249.png,8283252.331787875,3693661.9585769293,8283552.331787875,3693961.9585769293
250.png,8283252.331787875,3694261.9585769293,8283552.331787875,3694561.9585769293
251.png,8283252.331787875,3694561.9585769293,8283552.331787875,3694861.9585769293
252.png,8283252.331787875,3694861.9585769293,8283552.331787875,3695161.9585769293
253.png,8283252.331787875,3695161.9585769293,8283552.331787875,3695461.9585769293
254.png,8283252.331787875,3695461.9585769293,8283552.331787875,3695761.9585769293
255.png,8283252.331787875,3695761.9585769293,8283552.331787875,3696061.9585769293
256.png,8283552.331787875,3691861.9585769293,8283852.331787875,3692161.9585769293
257.png,8283552.331787875,3692161.9585769293,8283852.331787875,3692461.9585769293
258.png,8283552.331787875,3692461.9585769293,8283852.331787875,3692761.9585769293
259.png,8283552.331787875,3692761.9585769293,8283852.331787875,3693061.9585769293
260.png,8283552.331787875,3693061.9585769293,8283852.331787875,3693361.9585769293
261.png,8283552.331787875,3693361.9585769293,8283852.331787875,3693661.9585769293
262.png,8283552.331787875,3693661.9585769293,8283852.331787875,3693961.9585769293
263.png,8283552.331787875,3693961.9585769293,8283852.331787875,3694261.9585769293
264.png,8283552.331787875,3694861.9585769293,8283852.331787875,3695161.9585769293
265.png,8283552.331787875,3695161.9585769293,8283852.331787875,3695461.9585769293
266.png,8283852.331787875,3691561.9585769293,8284152.331787875,3691861.9585769293
267.png,8283852.331787875,3691861.9585769293,8284152.331787875,3692161.9585769293
268.png,8283852.331787875,3692161.9585769293,8284152.331787875,3692461.9585769293
269.png,8283852.331787875,3692461.9585769293,8284152.331787875,3692761.9585769293
270.png,8283852.331787875,3692761.9585769293,8284152.331787875,3693061.9585769293
271.png,8283852.331787875,3693061.9585769293,8284152.331787875,3693361.9585769293
272.png,8283852.331787875,3693361.9585769293,8284152.331787875,3693661.9585769293
273.png,8283852.331787875,3693661.9585769293,8284152.331787875,3693961.9585769293
274.png,8283852.331787875,3693961.9585769293,8284152.331787875,3694261.9585769293
275.png,8284152.331787875,3691561.9585769293,8284452.331787875,3691861.9585769293
276.png,8284152.331787875,3691861.9585769293,8284452.331787875,3692161.9585769293
277.png,8284152.331787875,3692161.9585769293,8284452.331787875,3692461.9585769293
278.png,8284152.331787875,3692461.9585769293,8284452.331787875,3692761.9585769293
279.png,8284152.331787875,3692761.9585769293,8284452.331787875,3693061.9585769293
280.png,8284152.331787875,3693061.9585769293,8284452.331787875,3693361.9585769293
281.png,8284152.331787875,3693361.9585769293,8284452.331787875,3693661.9585769293
282.png,8284152.331787875,3693661.9585769293,8284452.331787875,3693961.9585769293
283.png,8284152.331787875,3693961.9585769293,8284452.331787875,3694261.9585769293
284.png,8284452.331787875,3691861.9585769293,8284752.331787875,3692161.9585769293
285.png,8284452.331787875,3692161.9585769293,8284752.331787875,3692461.9585769293
286.png,8284452.331787875,3692461.9585769293,8284752.331787875,3692761.9585769293
287.png,8284452.331787875,3692761.9585769293,8284752.331787875,3693061.9585769293
288.png,8284452.331787875,3693061.9585769293,8284752.331787875,3693361.9585769293
289.png,8284452.331787875,3693361.9585769293,8284752.331787875,3693661.9585769293
290.png,8284452.331787875,3693661.9585769293,8284752.331787875,3693961.9585769293
291.png,8284452.331787875,3693961.9585769293,8284752.331787875,3694261.9585769293
292.png,8284452.331787875,3694261.9585769293,8284752.331787875,3694561.9585769293
293.png,8284752.331787875,3692461.9585769293,8285052.331787875,3692761.9585769293
294.png,8284752.331787875,3692761.9585769293,8285052.331787875,3693061.9585769293
295.png,8284752.331787875,3693061.9585769293,8285052.331787875,3693361.9585769293
296.png,8284752.331787875,3693361.9585769293,8285052.331787875,3693661.9585769293
297.png,8284752.331787875,3693661.9585769293,8285052.331787875,3693961.9585769293
298.png,8284752.331787875,3693961.9585769293,8285052.331787875,3694261.9585769293
299.png,8284752.331787875,3697861.9585769293,8285052.331787875,3698161.9585769293
300.png,8284752.331787875,3698161.9585769293,8285052.331787875,3698461.9585769293
301.png,8284752.331787875,3698461.9585769293,8285052.331787875,3698761.9585769293
302.png,8284752.331787875,3699961.9585769293,8285052.331787875,3700261.9585769293
303.png,8284752.331787875,3700261.9585769293,8285052.331787875,3700561.9585769293
304.png,8284752.331787875,3700561.9585769293,8285052.331787875,3700861.9585769293
305.png,8284752.331787875,3700861.9585769293,8285052.331787875,3701161.9585769293
306.png,8285052.331787875,3692761.9585769293,8285352.331787875,3693061.9585769293
307.png,8285052.331787875,3693061.9585769293,8285352.331787875,3693361.9585769293
308.png,8285052.331787875,3693361.9585769293,8285352.331787875,3693661.9585769293
309.png,8285052.331787875,3693661.9585769293,8285352.331787875,3693961.9585769293
310.png,8285052.331787875,3693961.9585769293,8285352.331787875,3694261.9585769293
311.png,8285052.331787875,3694561.9585769293,8285352.331787875,3694861.9585769293
312.png,8285052.331787875,3697861.9585769293,8285352.331787875,3698161.9585769293
313.png,8285052.331787875,3698161.9585769293,8285352.331787875,3698461.9585769293
314.png,8285052.331787875,3698461.9585769293,8285352.331787875,3698761.9585769293
315.png,8285052.331787875,3699661.9585769293,8285352.331787875,3699961.9585769293
316.png,8285052.331787875,3699961.9585769293,8285352.331787875,3700261.9585769293
317.png,8285052.331787875,3700261.9585769293,8285352.331787875,3700561.9585769293
318.png,8285052.331787875,3700561.9585769293,8285352.331787875,3700861.9585769293
319.png,8285052.331787875,3700861.9585769293,8285352.331787875,3701161.9585769293
320.png,8285052.331787875,3701161.9585769293,8285352.331787875,3701461.9585769293
321.png,8285352.331787875,3693061.9585769293,8285652.331787875,3693361.9585769293
322.png,8285352.331787875,3693361.9585769293,8285652.331787875,3693661.9585769293
323.png,8285352.331787875,3693661.9585769293,8285652.331787875,3693961.9585769293
324.png,8285352.331787875,3695761.9585769293,8285652.331787875,3696061.9585769293
325.png,8285352.331787875,3696061.9585769293,8285652.331787875,3696361.9585769293
326.png,8285352.331787875,3697561.9585769293,8285652.331787875,3697861.9585769293
327.png,8285352.331787875,3697861.9585769293,8285652.331787875,3698161.9585769293
328.png,8285352.331787875,3698161.9585769293,8285652.331787875,3698461.9585769293
329.png,8285352.331787875,3699661.9585769293,8285652.331787875,3699961.9585769293
330.png,8285352.331787875,3699961.9585769293,8285652.331787875,3700261.9585769293
331.png,8285352.331787875,3700261.9585769293,8285652.331787875,3700561.9585769293
332.png,8285352.331787875,3700561.9585769293,8285652.331787875,3700861.9585769293
333.png,8285352.331787875,3700861.9585769293,8285652.331787875,3701161.9585769293
334.png,8285352.331787875,3701161.9585769293,8285652.331787875,3701461.9585769293
335.png,8285352.331787875,3701461.9585769293,8285652.331787875,3701761.9585769293
336.png,8285352.331787875,3701761.9585769293,8285652.331787875,3702061.9585769293
337.png,8285652.331787875,3689161.9585769293,8285952.331787875,3689461.9585769293
338.png,8285652.331787875,3689461.9585769293,8285952.331787875,3689761.9585769293
339.png,8285652.331787875,3689761.9585769293,8285952.331787875,3690061.9585769293
340.png,8285652.331787875,3690061.9585769293,8285952.331787875,3690361.9585769293
341.png,8285652.331787875,3695161.9585769293,8285952.331787875,3695461.9585769293
342.png,8285652.331787875,3695461.9585769293,8285952.331787875,3695761.9585769293
343.png,8285652.331787875,3695761.9585769293,8285952.331787875,3696061.9585769293
344.png,8285652.331787875,3696061.9585769293,8285952.331787875,3696361.9585769293
345.png,8285652.331787875,3697561.9585769293,8285952.331787875,3697861.9585769293
346.png,8285652.331787875,3697861.9585769293,8285952.331787875,3698161.9585769293
347.png,8285652.331787875,3698161.9585769293,8285952.331787875,3698461.9585769293
348.png,8285652.331787875,3699961.9585769293,8285952.331787875,3700261.9585769293
349.png,8285652.331787875,3700261.9585769293,8285952.331787875,3700561.9585769293
350.png,8285652.331787875,3700561.9585769293,8285952.331787875,3700861.9585769293
351.png,8285652.331787875,3700861.9585769293,8285952.331787875,3701161.9585769293
352.png,8285652.331787875,3701161.9585769293,8285952.331787875,3701461.9585769293
353.png,8285652.331787875,3701461.9585769293,8285952.331787875,3701761.9585769293
354.png,8285652.331787875,3701761.9585769293,8285952.331787875,3702061.9585769293
355.png,8285952.331787875,3689161.9585769293,8286252.331787875,3689461.9585769293
356.png,8285952.331787875,3689461.9585769293,8286252.331787875,3689761.9585769293
357.png,8285952.331787875,3689761.9585769293,8286252.331787875,3690061.9585769293
358.png,8285952.331787875,3690061.9585769293,8286252.331787875,3690361.9585769293
359.png,8285952.331787875,3690361.9585769293,8286252.331787875,3690661.9585769293
360.png,8285952.331787875,3693361.9585769293,8286252.331787875,3693661.9585769293
361.png,8285952.331787875,3693661.9585769293,8286252.331787875,3693961.9585769293
362.png,8285952.331787875,3695461.9585769293,8286252.331787875,3695761.9585769293
363.png,8285952.331787875,3695761.9585769293,8286252.331787875,3696061.9585769293
364.png,8285952.331787875,3696061.9585769293,8286252.331787875,3696361.9585769293
365.png,8285952.331787875,3696361.9585769293,8286252.331787875,3696661.9585769293
366.png,8285952.331787875,3697261.9585769293,8286252.331787875,3697561.9585769293
367.png,8285952.331787875,3697561.9585769293,8286252.331787875,3697861.9585769293
368.png,8285952.331787875,3697861.9585769293,8286252.331787875,3698161.9585769293
369.png,8285952.331787875,3698161.9585769293,8286252.331787875,3698461.9585769293
370.png,8285952.331787875,3698761.9585769293,8286252.331787875,3699061.9585769293
371.png,8285952.331787875,3699061.9585769293,8286252.331787875,3699361.9585769293
372.png,8285952.331787875,3699361.9585769293,8286252.331787875,3699661.9585769293
373.png,8285952.331787875,3699961.9585769293,8286252.331787875,3700261.9585769293
374.png,8285952.331787875,3700261.9585769293,8286252.331787875,3700561.9585769293
375.png,8285952.331787875,3700561.9585769293,8286252.331787875,3700861.9585769293
376.png,8285952.331787875,3700861.9585769293,8286252.331787875,3701161.9585769293
377.png,8285952.331787875,3701161.9585769293,8286252.331787875,3701461.9585769293
378.png,8286252.331787875,3689161.9585769293,8286552.331787875,3689461.9585769293
379.png,8286252.331787875,3689461.9585769293,8286552.331787875,3689761.9585769293
380.png,8286252.331787875,3689761.9585769293,8286552.331787875,3690061.9585769293
381.png,8286252.331787875,3690061.9585769293,8286552.331787875,3690361.9585769293
382.png,8286252.331787875,3690361.9585769293,8286552.331787875,3690661.9585769293
383.png,8286252.331787875,3690661.9585769293,8286552.331787875,3690961.9585769293
384.png,8286252.331787875,3692761.9585769293,8286552.331787875,3693061.9585769293
385.png,8286252.331787875,3693061.9585769293,8286552.331787875,3693361.9585769293
386.png,8286252.331787875,3693361.9585769293,8286552.331787875,3693661.9585769293
387.png,8286252.331787875,3693661.9585769293,8286552.331787875,3693961.9585769293
388.png,8286252.331787875,3695761.9585769293,8286552.331787875,3696061.9585769293
389.png,8286252.331787875,3696061.9585769293,8286552.331787875,3696361.9585769293
390.png,8286252.331787875,3696361.9585769293,8286552.331787875,3696661.9585769293
391.png,8286252.331787875,3696661.9585769293,8286552.331787875,3696961.9585769293
392.png,8286252.331787875,3696961.9585769293,8286552.331787875,3697261.9585769293
393.png,8286252.331787875,3697261.9585769293,8286552.331787875,3697561.9585769293
394.png,8286252.331787875,3697561.9585769293,8286552.331787875,3697861.9585769293
395.png,8286252.331787875,3697861.9585769293,8286552.331787875,3698161.9585769293
396.png,8286252.331787875,3698461.9585769293,8286552.331787875,3698761.9585769293
397.png,8286252.331787875,3698761.9585769293,8286552.331787875,3699061.9585769293
398.png,8286252.331787875,3699061.9585769293,8286552.331787875,3699361.9585769293
399.png,8286252.331787875,3699361.9585769293,8286552.331787875,3699661.9585769293
400.png,8286252.331787875,3699961.9585769293,8286552.331787875,3700261.9585769293
401.png,8286252.331787875,3700261.9585769293,8286552.331787875,3700561.9585769293
402.png,8286252.331787875,3700561.9585769293,8286552.331787875,3700861.9585769293
403.png,8286252.331787875,3700861.9585769293,8286552.331787875,3701161.9585769293
404.png,8286552.331787875,3688861.9585769293,8286852.331787875,3689161.9585769293
405.png,8286552.331787875,3689161.9585769293,8286852.331787875,3689461.9585769293
406.png,8286552.331787875,3689461.9585769293,8286852.331787875,3689761.9585769293
407.png,8286552.331787875,3689761.9585769293,8286852.331787875,3690061.9585769293
408.png,8286552.331787875,3690061.9585769293,8286852.331787875,3690361.9585769293
409.png,8286552.331787875,3690361.9585769293,8286852.331787875,3690661.9585769293
410.png,8286552.331787875,3690661.9585769293,8286852.331787875,3690961.9585769293
411.png,8286552.331787875,3690961.9585769293,8286852.331787875,3691261.9585769293
412.png,8286552.331787875,3692761.9585769293,8286852.331787875,3693061.9585769293
413.png,8286552.331787875,3693061.9585769293,8286852.331787875,3693361.9585769293
414.png,8286552.331787875,3693361.9585769293,8286852.331787875,3693661.9585769293
415.png,8286552.331787875,3693661.9585769293,8286852.331787875,3693961.9585769293
416.png,8286552.331787875,3693961.9585769293,8286852.331787875,3694261.9585769293
417.png,8286552.331787875,3694261.9585769293,8286852.331787875,3694561.9585769293
418.png,8286552.331787875,3696061.9585769293,8286852.331787875,3696361.9585769293
419.png,8286552.331787875,3696361.9585769293,8286852.331787875,3696661.9585769293
420.png,8286552.331787875,3696661.9585769293,8286852.331787875,3696961.9585769293
421.png,8286552.331787875,3696961.9585769293,8286852.331787875,3697261.9585769293
422.png,8286552.331787875,3697561.9585769293,8286852.331787875,3697861.9585769293
423.png,8286552.331787875,3698161.9585769293,8286852.331787875,3698461.9585769293
424.png,8286552.331787875,3698461.9585769293,8286852.331787875,3698761.9585769293
425.png,8286552.331787875,3698761.9585769293,8286852.331787875,3699061.9585769293
426.png,8286552.331787875,3699061.9585769293,8286852.331787875,3699361.9585769293
427.png,8286552.331787875,3699361.9585769293,8286852.331787875,3699661.9585769293
428.png,8286552.331787875,3699961.9585769293,8286852.331787875,3700261.9585769293
429.png,8286552.331787875,3700261.9585769293,8286852.331787875,3700561.9585769293
430.png,8286552.331787875,3700561.9585769293,8286852.331787875,3700861.9585769293
431.png,8286552.331787875,3700861.9585769293,8286852.331787875,3701161.9585769293
432.png,8286552.331787875,3701161.9585769293,8286852.331787875,3701461.9585769293
433.png,8286852.331787875,3688861.9585769293,8287152.331787875,3689161.9585769293
434.png,8286852.331787875,3689161.9585769293,8287152.331787875,3689461.9585769293
435.png,8286852.331787875,3689461.9585769293,8287152.331787875,3689761.9585769293
436.png,8286852.331787875,3689761.9585769293,8287152.331787875,3690061.9585769293
437.png,8286852.331787875,3690061.9585769293,8287152.331787875,3690361.9585769293
438.png,8286852.331787875,3690361.9585769293,8287152.331787875,3690661.9585769293
439.png,8286852.331787875,3690661.9585769293,8287152.331787875,3690961.9585769293
440.png,8286852.331787875,3692461.9585769293,8287152.331787875,3692761.9585769293
441.png,8286852.331787875,3692761.9585769293,8287152.331787875,3693061.9585769293
442.png,8286852.331787875,3693061.9585769293,8287152.331787875,3693361.9585769293
443.png,8286852.331787875,3693361.9585769293,8287152.331787875,3693661.9585769293
444.png,8286852.331787875,3693661.9585769293,8287152.331787875,3693961.9585769293
445.png,8286852.331787875,3693961.9585769293,8287152.331787875,3694261.9585769293
446.png,8286852.331787875,3694261.9585769293,8287152.331787875,3694561.9585769293
447.png,8286852.331787875,3694561.9585769293,8287152.331787875,3694861.9585769293
448.png,8286852.331787875,3695761.9585769293,8287152.331787875,3696061.9585769293
449.png,8286852.331787875,3696661.9585769293,8287152.331787875,3696961.9585769293
450.png,8286852.331787875,3696961.9585769293,8287152.331787875,3697261.9585769293
451.png,8286852.331787875,3697861.9585769293,8287152.331787875,3698161.9585769293
452.png,8286852.331787875,3698161.9585769293,8287152.331787875,3698461.9585769293
453.png,8286852.331787875,3698461.9585769293,8287152.331787875,3698761.9585769293
454.png,8286852.331787875,3698761.9585769293,8287152.331787875,3699061.9585769293
455.png,8286852.331787875,3699061.9585769293,8287152.331787875,3699361.9585769293
456.png,8286852.331787875,3699361.9585769293,8287152.331787875,3699661.9585769293
457.png,8286852.331787875,3699961.9585769293,8287152.331787875,3700261.9585769293
458.png,8286852.331787875,3700261.9585769293,8287152.331787875,3700561.9585769293
459.png,8286852.331787875,3700561.9585769293,8287152.331787875,3700861.9585769293
460.png,8286852.331787875,3700861.9585769293,8287152.331787875,3701161.9585769293
461.png,8286852.331787875,3701161.9585769293,8287152.331787875,3701461.9585769293
462.png,8287152.331787875,3688861.9585769293,8287452.331787875,3689161.9585769293
463.png,8287152.331787875,3689161.9585769293,8287452.331787875,3689461.9585769293
464.png,8287152.331787875,3689761.9585769293,8287452.331787875,3690061.9585769293
465.png,8287152.331787875,3690061.9585769293,8287452.331787875,3690361.9585769293
466.png,8287152.331787875,3690361.9585769293,8287452.331787875,3690661.9585769293
467.png,8287152.331787875,3690661.9585769293,8287452.331787875,3690961.9585769293
468.png,8287152.331787875,3691861.9585769293,8287452.331787875,3692161.9585769293
469.png,8287152.331787875,3692161.9585769293,8287452.331787875,3692461.9585769293
470.png,8287152.331787875,3692461.9585769293,8287452.331787875,3692761.9585769293
471.png,8287152.331787875,3692761.9585769293,8287452.331787875,3693061.9585769293
472.png,8287152.331787875,3693061.9585769293,8287452.331787875,3693361.9585769293
473.png,8287152.331787875,3693361.9585769293,8287452.331787875,3693661.9585769293
474.png,8287152.331787875,3693661.9585769293,8287452.331787875,3693961.9585769293
475.png,8287152.331787875,3693961.9585769293,8287452.331787875,3694261.9585769293
476.png,8287152.331787875,3694261.9585769293,8287452.331787875,3694561.9585769293
477.png,8287152.331787875,3694561.9585769293,8287452.331787875,3694861.9585769293
478.png,8287152.331787875,3694861.9585769293,8287452.331787875,3695161.9585769293
479.png,8287152.331787875,3695161.9585769293,8287452.331787875,3695461.9585769293
480.png,8287152.331787875,3695461.9585769293,8287452.331787875,3695761.9585769293
481.png,8287152.331787875,3695761.9585769293,8287452.331787875,3696061.9585769293
482.png,8287152.331787875,3696061.9585769293,8287452.331787875,3696361.9585769293
483.png,8287152.331787875,3696361.9585769293,8287452.331787875,3696661.9585769293
484.png,8287152.331787875,3696661.9585769293,8287452.331787875,3696961.9585769293
485.png,8287152.331787875,3696961.9585769293,8287452.331787875,3697261.9585769293
486.png,8287152.331787875,3697861.9585769293,8287452.331787875,3698161.9585769293
487.png,8287152.331787875,3698161.9585769293,8287452.331787875,3698461.9585769293
488.png,8287152.331787875,3698461.9585769293,8287452.331787875,3698761.9585769293
489.png,8287152.331787875,3698761.9585769293,8287452.331787875,3699061.9585769293
490.png,8287152.331787875,3699061.9585769293,8287452.331787875,3699361.9585769293
491.png,8287152.331787875,3699361.9585769293,8287452.331787875,3699661.9585769293
492.png,8287152.331787875,3699961.9585769293,8287452.331787875,3700261.9585769293
493.png,8287152.331787875,3700261.9585769293,8287452.331787875,3700561.9585769293
494.png,8287152.331787875,3700561.9585769293,8287452.331787875,3700861.9585769293
495.png,8287152.331787875,3700861.9585769293,8287452.331787875,3701161.9585769293
496.png,8287152.331787875,3701161.9585769293,8287452.331787875,3701461.9585769293
497.png,8287452.331787875,3691861.9585769293,8287752.331787875,3692161.9585769293
498.png,8287452.331787875,3692161.9585769293,8287752.331787875,3692461.9585769293
499.png,8287452.331787875,3692461.9585769293,8287752.331787875,3692761.9585769293
500.png,8287452.331787875,3692761.9585769293,8287752.331787875,3693061.9585769293
501.png,8287452.331787875,3693061.9585769293,8287752.331787875,3693361.9585769293
502.png,8287452.331787875,3693361.9585769293,8287752.331787875,3693661.9585769293
503.png,8287452.331787875,3693661.9585769293,8287752.331787875,3693961.9585769293
504.png,8287452.331787875,3693961.9585769293,8287752.331787875,3694261.9585769293
505.png,8287452.331787875,3694261.9585769293,8287752.331787875,3694561.9585769293
506.png,8287452.331787875,3694561.9585769293,8287752.331787875,3694861.9585769293
507.png,8287452.331787875,3694861.9585769293,8287752.331787875,3695161.9585769293
508.png,8287452.331787875,3695161.9585769293,8287752.331787875,3695461.9585769293
509.png,8287452.331787875,3695461.9585769293,8287752.331787875,3695761.9585769293
510.png,8287452.331787875,3695761.9585769293,8287752.331787875,3696061.9585769293
511.png,8287452.331787875,3696061.9585769293,8287752.331787875,3696361.9585769293
512.png,8287452.331787875,3696361.9585769293,8287752.331787875,3696661.9585769293
513.png,8287452.331787875,3696661.9585769293,8287752.331787875,3696961.9585769293
514.png,8287452.331787875,3696961.9585769293,8287752.331787875,3697261.9585769293
515.png,8287452.331787875,3697561.9585769293,8287752.331787875,3697861.9585769293
516.png,8287452.331787875,3697861.9585769293,8287752.331787875,3698161.9585769293
517.png,8287452.331787875,3698161.9585769293,8287752.331787875,3698461.9585769293
518.png,8287452.331787875,3699961.9585769293,8287752.331787875,3700261.9585769293
519.png,8287452.331787875,3700261.9585769293,8287752.331787875,3700561.9585769293
520.png,8287452.331787875,3700561.9585769293,8287752.331787875,3700861.9585769293
521.png,8287452.331787875,3700861.9585769293,8287752.331787875,3701161.9585769293
522.png,8287752.331787875,3691561.9585769293,8288052.331787875,3691861.9585769293
523.png,8287752.331787875,3691861.9585769293,8288052.331787875,3692161.9585769293
524.png,8287752.331787875,3692161.9585769293,8288052.331787875,3692461.9585769293
525.png,8287752.331787875,3692461.9585769293,8288052.331787875,3692761.9585769293
526.png,8287752.331787875,3692761.9585769293,8288052.331787875,3693061.9585769293
527.png,8287752.331787875,3693061.9585769293,8288052.331787875,3693361.9585769293
528.png,8287752.331787875,3693361.9585769293,8288052.331787875,3693661.9585769293
529.png,8287752.331787875,3693661.9585769293,8288052.331787875,3693961.9585769293
530.png,8287752.331787875,3693961.9585769293,8288052.331787875,3694261.9585769293
531.png,8287752.331787875,3694261.9585769293,8288052.331787875,3694561.9585769293
532.png,8287752.331787875,3694561.9585769293,8288052.331787875,3694861.9585769293
533.png,8287752.331787875,3694861.9585769293,8288052.331787875,3695161.9585769293
534.png,8287752.331787875,3695161.9585769293,8288052.331787875,3695461.9585769293
535.png,8287752.331787875,3695461.9585769293,8288052.331787875,3695761.9585769293
536.png,8287752.331787875,3695761.9585769293,8288052.331787875,3696061.9585769293
537.png,8287752.331787875,3696061.9585769293,8288052.331787875,3696361.9585769293
538.png,8287752.331787875,3696361.9585769293,8288052.331787875,3696661.9585769293
539.png,8287752.331787875,3696661.9585769293,8288052.331787875,3696961.9585769293
540.png,8288052.331787875,3691561.9585769293,8288352.331787875,3691861.9585769293
541.png,8288052.331787875,3691861.9585769293,8288352.331787875,3692161.9585769293
542.png,8288052.331787875,3692161.9585769293,8288352.331787875,3692461.9585769293
543.png,8288052.331787875,3692461.9585769293,8288352.331787875,3692761.9585769293
544.png,8288052.331787875,3692761.9585769293,8288352.331787875,3693061.9585769293
545.png,8288052.331787875,3693061.9585769293,8288352.331787875,3693361.9585769293
546.png,8288052.331787875,3693361.9585769293,8288352.331787875,3693661.9585769293
547.png,8288052.331787875,3693661.9585769293,8288352.331787875,3693961.9585769293
548.png,8288052.331787875,3693961.9585769293,8288352.331787875,3694261.9585769293
549.png,8288052.331787875,3694261.9585769293,8288352.331787875,3694561.9585769293
550.png,8288052.331787875,3694561.9585769293,8288352.331787875,3694861.9585769293
551.png,8288052.331787875,3694861.9585769293,8288352.331787875,3695161.9585769293
552.png,8288052.331787875,3695161.9585769293,8288352.331787875,3695461.9585769293
553.png,8288052.331787875,3695461.9585769293,8288352.331787875,3695761.9585769293
554.png,8288052.331787875,3695761.9585769293,8288352.331787875,3696061.9585769293
555.png,8288052.331787875,3696061.9585769293,8288352.331787875,3696361.9585769293
556.png,8288052.331787875,3696361.9585769293,8288352.331787875,3696661.9585769293
557.png,8288352.331787875,3691561.9585769293,8288652.331787875,3691861.9585769293
558.png,8288352.331787875,3691861.9585769293,8288652.331787875,3692161.9585769293
559.png,8288352.331787875,3692461.9585769293,8288652.331787875,3692761.9585769293
560.png,8288352.331787875,3692761.9585769293,8288652.331787875,3693061.9585769293
561.png,8288352.331787875,3693061.9585769293,8288652.331787875,3693361.9585769293
562.png,8288352.331787875,3693361.9585769293,8288652.331787875,3693661.9585769293
563.png,8288352.331787875,3693661.9585769293,8288652.331787875,3693961.9585769293
564.png,8288352.331787875,3693961.9585769293,8288652.331787875,3694261.9585769293
565.png,8288352.331787875,3694261.9585769293,8288652.331787875,3694561.9585769293
566.png,8288352.331787875,3694561.9585769293,8288652.331787875,3694861.9585769293
567.png,8288352.331787875,3694861.9585769293,8288652.331787875,3695161.9585769293
568.png,8288352.331787875,3695161.9585769293,8288652.331787875,3695461.9585769293
569.png,8288352.331787875,3695461.9585769293,8288652.331787875,3695761.9585769293
570.png,8288352.331787875,3695761.9585769293,8288652.331787875,3696061.9585769293
571.png,8288352.331787875,3696061.9585769293,8288652.331787875,3696361.9585769293
572.png,8288652.331787875,3691861.9585769293,8288952.331787875,3692161.9585769293
573.png,8288652.331787875,3692161.9585769293,8288952.331787875,3692461.9585769293
574.png,8288652.331787875,3692461.9585769293,8288952.331787875,3692761.9585769293
575.png,8288652.331787875,3692761.9585769293,8288952.331787875,3693061.9585769293
576.png,8288652.331787875,3693061.9585769293,8288952.331787875,3693361.9585769293
577.png,8288652.331787875,3693361.9585769293,8288952.331787875,3693661.9585769293
578.png,8288652.331787875,3693661.9585769293,8288952.331787875,3693961.9585769293
579.png,8288652.331787875,3693961.9585769293,8288952.331787875,3694261.9585769293
580.png,8288652.331787875,3694261.9585769293,8288952.331787875,3694561.9585769293
581.png,8288652.331787875,3694561.9585769293,8288952.331787875,3694861.9585769293
582.png,8288652.331787875,3694861.9585769293,8288952.331787875,3695161.9585769293
583.png,8288652.331787875,3695161.9585769293,8288952.331787875,3695461.9585769293
584.png,8288652.331787875,3695461.9585769293,8288952.331787875,3695761.9585769293
585.png,8288652.331787875,3695761.9585769293,8288952.331787875,3696061.9585769293
586.png,8288652.331787875,3696061.9585769293,8288952.331787875,3696361.9585769293
587.png,8288652.331787875,3696361.9585769293,8288952.331787875,3696661.9585769293
588.png,8288952.331787875,3691861.9585769293,8289252.331787875,3692161.9585769293
589.png,8288952.331787875,3692461.9585769293,8289252.331787875,3692761.9585769293
590.png,8288952.331787875,3692761.9585769293,8289252.331787875,3693061.9585769293
591.png,8288952.331787875,3693061.9585769293,8289252.331787875,3693361.9585769293
592.png,8288952.331787875,3693361.9585769293,8289252.331787875,3693661.9585769293
593.png,8288952.331787875,3693661.9585769293,8289252.331787875,3693961.9585769293
594.png,8288952.331787875,3693961.9585769293,8289252.331787875,3694261.9585769293
595.png,8288952.331787875,3694261.9585769293,8289252.331787875,3694561.9585769293
596.png,8288952.331787875,3694561.9585769293,8289252.331787875,3694861.9585769293
597.png,8288952.331787875,3694861.9585769293,8289252.331787875,3695161.9585769293
598.png,8288952.331787875,3695161.9585769293,8289252.331787875,3695461.9585769293
599.png,8288952.331787875,3695461.9585769293,8289252.331787875,3695761.9585769293
600.png,8288952.331787875,3695761.9585769293,8289252.331787875,3696061.9585769293
601.png,8288952.331787875,3696061.9585769293,8289252.331787875,3696361.9585769293
602.png,8288952.331787875,3696361.9585769293,8289252.331787875,3696661.9585769293
603.png,8289252.331787875,3692761.9585769293,8289552.331787875,3693061.9585769293
604.png,8289252.331787875,3693061.9585769293,8289552.331787875,3693361.9585769293
605.png,8289252.331787875,3693361.9585769293,8289552.331787875,3693661.9585769293
606.png,8289252.331787875,3693661.9585769293,8289552.331787875,3693961.9585769293
607.png,8289252.331787875,3693961.9585769293,8289552.331787875,3694261.9585769293
608.png,8289252.331787875,3694261.9585769293,8289552.331787875,3694561.9585769293
609.png,8289252.331787875,3694561.9585769293,8289552.331787875,3694861.9585769293
610.png,8289252.331787875,3694861.9585769293,8289552.331787875,3695161.9585769293
611.png,8289252.331787875,3695161.9585769293,8289552.331787875,3695461.9585769293
612.png,8289252.331787875,3695461.9585769293,8289552.331787875,3695761.9585769293
613.png,8289252.331787875,3695761.9585769293,8289552.331787875,3696061.9585769293
614.png,8289252.331787875,3696061.9585769293,8289552.331787875,3696361.9585769293
615.png,8289252.331787875,3696361.9585769293,8289552.331787875,3696661.9585769293
616.png,8289552.331787875,3692761.9585769293,8289852.331787875,3693061.9585769293
617.png,8289552.331787875,3693061.9585769293,8289852.331787875,3693361.9585769293
618.png,8289552.331787875,3693361.9585769293,8289852.331787875,3693661.9585769293
619.png,8289552.331787875,3693661.9585769293,8289852.331787875,3693961.9585769293
620.png,8289552.331787875,3693961.9585769293,8289852.331787875,3694261.9585769293
621.png,8289552.331787875,3694261.9585769293,8289852.331787875,3694561.9585769293
622.png,8289552.331787875,3694561.9585769293,8289852.331787875,3694861.9585769293
623.png,8289552.331787875,3694861.9585769293,8289852.331787875,3695161.9585769293
624.png,8289552.331787875,3695161.9585769293,8289852.331787875,3695461.9585769293
625.png,8289552.331787875,3695461.9585769293,8289852.331787875,3695761.9585769293
626.png,8289552.331787875,3695761.9585769293,8289852.331787875,3696061.9585769293
627.png,8289552.331787875,3696061.9585769293,8289852.331787875,3696361.9585769293
628.png,8289552.331787875,3696361.9585769293,8289852.331787875,3696661.9585769293
629.png,8289852.331787875,3692761.9585769293,8290152.331787875,3693061.9585769293
630.png,8289852.331787875,3693061.9585769293,8290152.331787875,3693361.9585769293
631.png,8289852.331787875,3693361.9585769293,8290152.331787875,3693661.9585769293
632.png,8289852.331787875,3693661.9585769293,8290152.331787875,3693961.9585769293
633.png,8289852.331787875,3694861.9585769293,8290152.331787875,3695161.9585769293
634.png,8289852.331787875,3695161.9585769293,8290152.331787875,3695461.9585769293
635.png,8289852.331787875,3695461.9585769293,8290152.331787875,3695761.9585769293
636.png,8289852.331787875,3695761.9585769293,8290152.331787875,3696061.9585769293
637.png,8289852.331787875,3696061.9585769293,8290152.331787875,3696361.9585769293
638.png,8289852.331787875,3696361.9585769293,8290152.331787875,3696661.9585769293
639.png,8289852.331787875,3696661.9585769293,8290152.331787875,3696961.9585769293
640.png,8289852.331787875,3696961.9585769293,8290152.331787875,3697261.9585769293
641.png,8289852.331787875,3697261.9585769293,8290152.331787875,3697561.9585769293
642.png,8289852.331787875,3697561.9585769293,8290152.331787875,3697861.9585769293
643.png,8290152.331787875,3692761.9585769293,8290452.331787875,3693061.9585769293
644.png,8290152.331787875,3693061.9585769293,8290452.331787875,3693361.9585769293
645.png,8290152.331787875,3693361.9585769293,8290452.331787875,3693661.9585769293
646.png,8290152.331787875,3693661.9585769293,8290452.331787875,3693961.9585769293
647.png,8290152.331787875,3693961.9585769293,8290452.331787875,3694261.9585769293
648.png,8290152.331787875,3694861.9585769293,8290452.331787875,3695161.9585769293
649.png,8290152.331787875,3695161.9585769293,8290452.331787875,3695461.9585769293
650.png,8290152.331787875,3695461.9585769293,8290452.331787875,3695761.9585769293
651.png,8290152.331787875,3695761.9585769293,8290452.331787875,3696061.9585769293
652.png,8290152.331787875,3696061.9585769293,8290452.331787875,3696361.9585769293
653.png,8290152.331787875,3696361.9585769293,8290452.331787875,3696661.9585769293
654.png,8290152.331787875,3696661.9585769293,8290452.331787875,3696961.9585769293
655.png,8290152.331787875,3696961.9585769293,8290452.331787875,3697261.9585769293
656.png,8290152.331787875,3697261.9585769293,8290452.331787875,3697561.9585769293
657.png,8290152.331787875,3697561.9585769293,8290452.331787875,3697861.9585769293
658.png,8290452.331787875,3692761.9585769293,8290752.331787875,3693061.9585769293
659.png,8290452.331787875,3693061.9585769293,8290752.331787875,3693361.9585769293
660.png,8290452.331787875,3693361.9585769293,8290752.331787875,3693661.9585769293
661.png,8290452.331787875,3694861.9585769293,8290752.331787875,3695161.9585769293
662.png,8290452.331787875,3695161.9585769293,8290752.331787875,3695461.9585769293
663.png,8290452.331787875,3695461.9585769293,8290752.331787875,3695761.9585769293
664.png,8290452.331787875,3695761.9585769293,8290752.331787875,3696061.9585769293
665.png,8290452.331787875,3696361.9585769293,8290752.331787875,3696661.9585769293
666.png,8290452.331787875,3696661.9585769293,8290752.331787875,3696961.9585769293
667.png,8290452.331787875,3696961.9585769293,8290752.331787875,3697261.9585769293
668.png,8290452.331787875,3697261.9585769293,8290752.331787875,3697561.9585769293
669.png,8290452.331787875,3697561.9585769293,8290752.331787875,3697861.9585769293
670.png,8290752.331787875,3694861.9585769293,8291052.331787875,3695161.9585769293
671.png,8290752.331787875,3695161.9585769293,8291052.331787875,3695461.9585769293
672.png,8290752.331787875,3695461.9585769293,8291052.331787875,3695761.9585769293
673.png,8290752.331787875,3695761.9585769293,8291052.331787875,3696061.9585769293
674.png,8290752.331787875,3696361.9585769293,8291052.331787875,3696661.9585769293
675.png,8290752.331787875,3696961.9585769293,8291052.331787875,3697261.9585769293
676.png,8290752.331787875,3697261.9585769293,8291052.331787875,3697561.9585769293
677.png,8290752.331787875,3697561.9585769293,8291052.331787875,3697861.9585769293
678.png,8291052.331787875,3693061.9585769293,8291352.331787875,3693361.9585769293
679.png,8291052.331787875,3694861.9585769293,8291352.331787875,3695161.9585769293
680.png,8291052.331787875,3695161.9585769293,8291352.331787875,3695461.9585769293
681.png,8291052.331787875,3695461.9585769293,8291352.331787875,3695761.9585769293
682.png,8291052.331787875,3695761.9585769293,8291352.331787875,3696061.9585769293
683.png,8291052.331787875,3696061.9585769293,8291352.331787875,3696361.9585769293
684.png,8291052.331787875,3696361.9585769293,8291352.331787875,3696661.9585769293
685.png,8291052.331787875,3696961.9585769293,8291352.331787875,3697261.9585769293
686.png,8291052.331787875,3697261.9585769293,8291352.331787875,3697561.9585769293
687.png,8291052.331787875,3697561.9585769293,8291352.331787875,3697861.9585769293
688.png,8291352.331787875,3690661.9585769293,8291652.331787875,3690961.9585769293
689.png,8291352.331787875,3693061.9585769293,8291652.331787875,3693361.9585769293
690.png,8291352.331787875,3694561.9585769293,8291652.331787875,3694861.9585769293
691.png,8291352.331787875,3694861.9585769293,8291652.331787875,3695161.9585769293
692.png,8291352.331787875,3695161.9585769293,8291652.331787875,3695461.9585769293
693.png,8291352.331787875,3695461.9585769293,8291652.331787875,3695761.9585769293
694.png,8291352.331787875,3695761.9585769293,8291652.331787875,3696061.9585769293
695.png,8291352.331787875,3696061.9585769293,8291652.331787875,3696361.9585769293
696.png,8291352.331787875,3696361.9585769293,8291652.331787875,3696661.9585769293
697.png,8291652.331787875,3690961.9585769293,8291952.331787875,3691261.9585769293
698.png,8291652.331787875,3693961.9585769293,8291952.331787875,3694261.9585769293
699.png,8291652.331787875,3694261.9585769293,8291952.331787875,3694561.9585769293
700.png,8291652.331787875,3694561.9585769293,8291952.331787875,3694861.9585769293
701.png,8291652.331787875,3694861.9585769293,8291952.331787875,3695161.9585769293
702.png,8291652.331787875,3695161.9585769293,8291952.331787875,3695461.9585769293
703.png,8291652.331787875,3695461.9585769293,8291952.331787875,3695761.9585769293
704.png,8291652.331787875,3695761.9585769293,8291952.331787875,3696061.9585769293
705.png,8291652.331787875,3696061.9585769293,8291952.331787875,3696361.9585769293
706.png,8291652.331787875,3696361.9585769293,8291952.331787875,3696661.9585769293
707.png,8291952.331787875,3693961.9585769293,8292252.331787875,3694261.9585769293
708.png,8291952.331787875,3694261.9585769293,8292252.331787875,3694561.9585769293
709.png,8291952.331787875,3694561.9585769293,8292252.331787875,3694861.9585769293
710.png,8291952.331787875,3694861.9585769293,8292252.331787875,3695161.9585769293
711.png,8291952.331787875,3695161.9585769293,8292252.331787875,3695461.9585769293
712.png,8291952.331787875,3695461.9585769293,8292252.331787875,3695761.9585769293
713.png,8291952.331787875,3695761.9585769293,8292252.331787875,3696061.9585769293
714.png,8291952.331787875,3696061.9585769293,8292252.331787875,3696361.9585769293
715.png,8291952.331787875,3696361.9585769293,8292252.331787875,3696661.9585769293
716.png,8292252.331787875,3694261.9585769293,8292552.331787875,3694561.9585769293
717.png,8292252.331787875,3694561.9585769293,8292552.331787875,3694861.9585769293
718.png,8292252.331787875,3694861.9585769293,8292552.331787875,3695161.9585769293
719.png,8292252.331787875,3695161.9585769293,8292552.331787875,3695461.9585769293
720.png,8292252.331787875,3695461.9585769293,8292552.331787875,3695761.9585769293
721.png,8292552.331787875,3693961.9585769293,8292852.331787875,3694261.9585769293
722.png,8292552.331787875,3694261.9585769293,8292852.331787875,3694561.9585769293
723.png,8292552.331787875,3694561.9585769293,8292852.331787875,3694861.9585769293
724.png,8292552.331787875,3694861.9585769293,8292852.331787875,3695161.9585769293
725.png,8292552.331787875,3695161.9585769293,8292852.331787875,3695461.9585769293
726.png,8292552.331787875,3695461.9585769293,8292852.331787875,3695761.9585769293
727.png,8292852.331787875,3694261.9585769293,8293152.331787875,3694561.9585769293
728.png,8292852.331787875,3694561.9585769293,8293152.331787875,3694861.9585769293
729.png,8292852.331787875,3694861.9585769293,8293152.331787875,3695161.9585769293
730.png,8292852.331787875,3695161.9585769293,8293152.331787875,3695461.9585769293
731.png,8292852.331787875,3695461.9585769293,8293152.331787875,3695761.9585769293
732.png,8293152.331787875,3693661.9585769293,8293452.331787875,3693961.9585769293
733.png,8293152.331787875,3694261.9585769293,8293452.331787875,3694561.9585769293
734.png,8293152.331787875,3694561.9585769293,8293452.331787875,3694861.9585769293
735.png,8293152.331787875,3695161.9585769293,8293452.331787875,3695461.9585769293
736.png,8293152.331787875,3695461.9585769293,8293452.331787875,3695761.9585769293
737.png,8293452.331787875,3694261.9585769293,8293752.331787875,3694561.9585769293
738.png,8293452.331787875,3694561.9585769293,8293752.331787875,3694861.9585769293
739.png,8293452.331787875,3694861.9585769293,8293752.331787875,3695161.9585769293
740.png,8293452.331787875,3695161.9585769293,8293752.331787875,3695461.9585769293
